CUSTOMERS : 6
VEHICLES : 4
0 171 50 37 228 276 174 
171 0 197 142 235 219 185 
50 197 0 83 277 325 223 
37 142 83 0 200 242 144 
228 235 277 200 0 94 58 
276 219 325 242 94 0 114 
174 185 223 144 58 114 0 
