CUSTOMERS : 7
VEHICLES : 1
0 246 176 125 196 286 255 222 
246 0 404 174 56 524 500 121 
176 404 0 300 349 223 144 397 
125 174 300 0 145 365 358 104 
196 56 349 145 0 479 449 130 
286 524 223 365 479 0 92 466 
255 500 144 358 449 92 0 461 
222 121 397 104 130 466 461 0 
