CUSTOMERS : 5
VEHICLES : 2
0 310 241 135 103 178 
310 0 524 442 211 400 
241 524 0 125 336 343 
135 442 125 0 237 220 
103 211 336 237 0 215 
178 400 343 220 215 0 
