CUSTOMERS : 5
VEHICLES : 4
0 294 262 134 290 238 
294 0 37 206 415 57 
262 37 0 185 404 25 
134 206 185 0 234 162 
290 415 404 234 0 384 
238 57 25 162 384 0 
