CUSTOMERS : 8
VEHICLES : 8
0 247 292 284 140 43 242 286 82 
247 0 153 457 278 283 48 265 187 
292 153 0 398 243 312 199 410 271 
284 457 398 0 181 247 477 570 359 
140 278 243 181 0 123 296 409 196 
43 283 312 247 123 0 281 325 124 
242 48 199 477 296 281 0 219 171 
286 265 410 570 409 325 219 0 214 
82 187 271 359 196 124 171 214 0 
