CUSTOMERS : 8
VEHICLES : 8
0 137 225 331 228 313 271 225 254 
137 0 354 420 356 223 196 343 356 
225 354 0 193 191 462 413 228 117 
331 420 193 0 382 429 384 416 85 
228 356 191 382 0 537 493 44 301 
313 223 462 429 537 0 49 537 404 
271 196 413 384 493 49 0 495 356 
225 343 228 416 44 537 495 0 334 
254 356 117 85 301 404 356 334 0 
