CUSTOMERS : 8
VEHICLES : 3
0 310 241 135 103 178 260 66 244 
310 0 524 442 211 400 569 349 545 
241 524 0 125 336 343 146 183 229 
135 442 125 0 237 220 132 99 155 
103 211 336 237 0 215 361 154 335 
178 400 343 220 215 0 275 227 196 
260 569 146 132 361 275 0 230 100 
66 349 183 99 154 227 230 0 240 
244 545 229 155 335 196 100 240 0 
