CUSTOMERS : 8
VEHICLES : 5
0 135 238 59 169 288 120 208 128 
135 0 141 155 281 397 238 277 64 
238 141 0 224 325 423 357 275 204 
59 155 224 0 126 244 159 150 170 
169 281 325 126 0 119 201 101 294 
288 397 423 244 119 0 300 153 412 
120 238 357 159 201 300 0 280 204 
208 277 275 150 101 153 280 0 311 
128 64 204 170 294 412 204 311 0 
