CUSTOMERS : 6
VEHICLES : 2
0 193 158 230 254 257 241 
193 0 321 76 232 392 49 
158 321 0 375 254 107 367 
230 76 375 0 308 455 72 
254 232 254 308 0 257 254 
257 392 107 455 257 0 434 
241 49 367 72 254 434 0 
