CUSTOMERS : 6
VEHICLES : 6
0 205 165 89 185 190 134 
205 0 57 117 105 391 338 
165 57 0 80 59 345 298 
89 117 80 0 115 275 222 
185 105 59 115 0 345 311 
190 391 345 275 345 0 80 
134 338 298 222 311 80 0 
