CUSTOMERS : 5
VEHICLES : 4
0 113 94 110 101 107 
113 0 122 92 47 217 
94 122 0 177 79 143 
110 92 177 0 126 208 
101 47 79 126 0 194 
107 217 143 208 194 0 
