CUSTOMERS : 7
VEHICLES : 5
0 229 175 174 135 162 181 179 
229 0 144 88 268 198 409 50 
175 144 0 59 281 58 336 114 
174 88 59 0 255 111 349 57 
135 268 281 255 0 286 223 229 
162 198 58 111 286 0 300 162 
181 409 336 349 223 300 0 360 
179 50 114 57 229 162 360 0 
