CUSTOMERS : 7
VEHICLES : 3
0 228 248 112 77 268 197 195 
228 0 142 293 159 262 218 420 
248 142 0 255 214 387 331 435 
112 293 255 0 175 379 308 204 
77 159 214 175 0 218 148 261 
268 262 387 379 218 0 72 367 
197 218 331 308 148 72 0 312 
195 420 435 204 261 367 312 0 
