CUSTOMERS : 5
VEHICLES : 5
0 81 96 313 131 256 
81 0 30 238 130 330 
96 30 0 242 109 332 
313 238 242 0 340 567 
131 130 109 340 0 271 
256 330 332 567 271 0 
