CUSTOMERS : 8
VEHICLES : 5
0 113 94 110 101 107 137 324 271 
113 0 122 92 47 217 234 270 369 
94 122 0 177 79 143 135 384 262 
110 92 177 0 126 208 245 215 377 
101 47 79 126 0 194 202 316 335 
107 217 143 208 194 0 54 417 171 
137 234 135 245 202 54 0 458 136 
324 270 384 215 316 417 458 0 588 
271 369 262 377 335 171 136 588 0 
