CUSTOMERS : 8
VEHICLES : 3
0 241 216 97 244 104 204 77 177 
241 0 236 155 22 345 278 221 258 
216 236 0 157 255 283 56 140 365 
97 155 157 0 163 198 170 69 210 
244 22 255 163 0 347 295 230 246 
104 345 283 198 347 0 251 155 226 
204 278 56 170 295 251 0 129 369 
77 221 140 69 230 155 129 0 241 
177 258 365 210 246 226 369 241 0 
