CUSTOMERS : 8
VEHICLES : 7
0 108 269 181 156 327 181 99 119 
108 0 241 282 264 378 263 111 129 
269 241 0 424 357 594 446 338 359 
181 282 424 0 89 235 79 206 209 
156 264 357 89 0 320 156 222 233 
327 378 594 235 320 0 167 268 251 
181 263 446 79 156 167 0 166 162 
99 111 338 206 222 268 166 0 22 
119 129 359 209 233 251 162 22 0 
