CUSTOMERS : 8
VEHICLES : 7
0 228 274 282 242 221 317 148 181 
228 0 488 404 468 80 533 118 407 
274 488 0 430 90 494 46 422 113 
282 404 430 0 348 340 456 288 321 
242 468 90 348 0 460 109 384 62 
221 80 494 340 460 0 538 77 400 
317 533 46 456 109 538 0 465 149 
148 118 422 288 384 77 465 0 325 
181 407 113 321 62 400 149 325 0 
