CUSTOMERS : 8
VEHICLES : 6
0 235 140 251 288 52 97 131 154 
235 0 373 153 505 244 165 150 342 
140 373 0 382 161 157 218 265 115 
251 153 382 0 537 227 237 120 397 
288 505 161 537 0 314 342 418 169 
52 244 157 227 314 0 135 113 198 
97 165 218 237 342 135 0 133 178 
131 150 265 120 418 113 133 0 278 
154 342 115 397 169 198 178 278 0 
