CUSTOMERS : 6
VEHICLES : 1
0 137 225 331 228 313 271 
137 0 354 420 356 223 196 
225 354 0 193 191 462 413 
331 420 193 0 382 429 384 
228 356 191 382 0 537 493 
313 223 462 429 537 0 49 
271 196 413 384 493 49 0 
