CUSTOMERS : 5
VEHICLES : 2
0 229 175 174 135 162 
229 0 144 88 268 198 
175 144 0 59 281 58 
174 88 59 0 255 111 
135 268 281 255 0 286 
162 198 58 111 286 0 
