CUSTOMERS : 6
VEHICLES : 4
0 184 184 196 154 117 175 
184 0 338 311 327 190 137 
184 338 0 325 60 158 250 
196 311 325 0 269 313 361 
154 327 60 269 0 169 262 
117 190 158 313 169 0 94 
175 137 250 361 262 94 0 
