CUSTOMERS : 6
VEHICLES : 2
0 168 167 141 312 124 236 
168 0 308 54 200 45 339 
167 308 0 262 374 269 339 
141 54 262 0 184 46 343 
312 200 374 184 0 225 527 
124 45 269 46 225 0 304 
236 339 339 343 527 304 0 
