CUSTOMERS : 6
VEHICLES : 3
0 156 157 53 245 47 280 
156 0 238 109 206 125 125 
157 238 0 153 167 138 351 
53 109 153 0 204 18 234 
245 206 167 204 0 201 268 
47 125 138 18 201 0 250 
280 125 351 234 268 250 0 
