CUSTOMERS : 8
VEHICLES : 6
0 229 175 174 135 162 181 179 104 
229 0 144 88 268 198 409 50 329 
175 144 0 59 281 58 336 114 249 
174 88 59 0 255 111 349 57 264 
135 268 281 255 0 286 223 229 191 
162 198 58 111 286 0 300 162 214 
181 409 336 349 223 300 0 360 88 
179 50 114 57 229 162 360 0 279 
104 329 249 264 191 214 88 279 0 
